cycle,retired_index,pc,opcode,mem_write,mem_addr
6,1,00000000,6,0,0
7,2,00000004,6,0,144
8,3,00000008,6,0,288
9,4,0000000c,6,0,436
10,5,00000010,7,0,432
11,6,00000014,6,0,4
12,7,00000018,1,0,4294967177
13,8,0000001c,6,0,9
14,9,00000020,7,0,0
15,10,00000024,7,0,144
16,11,00000028,7,0,288
17,12,0000002c,6,0,4
18,13,00000030,6,0,148
19,14,00000034,6,0,292
20,15,00000038,1,0,0
21,16,0000003c,1,0,0
22,17,00000040,9,0,0
26,18,00000050,9,0,0
30,19,0000005c,1,0,4294967177
31,20,00000060,6,0,8
32,21,00000064,9,0,0
33,22,00000068,a,0,0
36,23,00000020,7,0,4
37,24,00000024,7,0,148
38,25,00000028,7,0,292
39,26,0000002c,6,0,8
40,27,00000030,6,0,152
41,28,00000034,6,0,296
42,29,00000038,1,0,0
43,30,0000003c,1,0,5
44,31,00000040,9,0,0
45,32,00000044,1,0,0
46,33,00000048,6,0,4
47,34,0000004c,a,0,0
50,35,00000040,9,0,0
51,36,00000044,1,0,0
52,37,00000048,6,0,3
53,38,0000004c,a,0,0
56,39,00000040,9,0,0
57,40,00000044,1,0,0
58,41,00000048,6,0,2
59,42,0000004c,a,0,0
62,43,00000040,9,0,0
63,44,00000044,1,0,0
64,45,00000048,6,0,1
65,46,0000004c,a,0,0
68,47,00000040,9,0,0
69,48,00000044,1,0,0
70,49,00000048,6,0,0
71,50,0000004c,a,0,0
74,51,00000040,9,0,0
78,52,00000050,9,0,0
79,53,00000054,2,0,4294967177
80,54,00000058,a,0,0
83,55,00000060,6,0,7
84,56,00000064,9,0,0
85,57,00000068,a,0,0
88,58,00000020,7,0,8
89,59,00000024,7,0,152
90,60,00000028,7,0,296
91,61,0000002c,6,0,12
92,62,00000030,6,0,156
93,63,00000034,6,0,300
94,64,00000038,1,0,0
95,65,0000003c,1,0,9
96,66,00000040,9,0,0
97,67,00000044,1,0,0
98,68,00000048,6,0,8
99,69,0000004c,a,0,0
102,70,00000040,9,0,0
103,71,00000044,1,0,0
104,72,00000048,6,0,7
105,73,0000004c,a,0,0
108,74,00000040,9,0,0
109,75,00000044,1,0,0
110,76,00000048,6,0,6
111,77,0000004c,a,0,0
114,78,00000040,9,0,0
115,79,00000044,1,0,0
116,80,00000048,6,0,5
117,81,0000004c,a,0,0
120,82,00000040,9,0,0
121,83,00000044,1,0,0
122,84,00000048,6,0,4
123,85,0000004c,a,0,0
126,86,00000040,9,0,0
127,87,00000044,1,0,0
128,88,00000048,6,0,3
129,89,0000004c,a,0,0
132,90,00000040,9,0,0
133,91,00000044,1,0,0
134,92,00000048,6,0,2
135,93,0000004c,a,0,0
138,94,00000040,9,0,0
139,95,00000044,1,0,0
140,96,00000048,6,0,1
141,97,0000004c,a,0,0
144,98,00000040,9,0,0
145,99,00000044,1,0,0
146,100,00000048,6,0,0
147,101,0000004c,a,0,0
150,102,00000040,9,0,0
154,103,00000050,9,0,0
155,104,00000054,2,0,4294967177
156,105,00000058,a,0,0
159,106,00000060,6,0,6
160,107,00000064,9,0,0
161,108,00000068,a,0,0
164,109,00000020,7,0,12
165,110,00000024,7,0,156
166,111,00000028,7,0,300
167,112,0000002c,6,0,16
168,113,00000030,6,0,160
169,114,00000034,6,0,304
170,115,00000038,1,0,0
171,116,0000003c,1,0,1
172,117,00000040,9,0,0
173,118,00000044,1,0,0
174,119,00000048,6,0,0
175,120,0000004c,a,0,0
178,121,00000040,9,0,0
182,122,00000050,9,0,0
186,123,0000005c,1,0,4294967177
187,124,00000060,6,0,5
188,125,00000064,9,0,0
189,126,00000068,a,0,0
192,127,00000020,7,0,16
193,128,00000024,7,0,160
194,129,00000028,7,0,304
195,130,0000002c,6,0,20
196,131,00000030,6,0,164
197,132,00000034,6,0,308
198,133,00000038,1,0,0
199,134,0000003c,1,0,3
200,135,00000040,9,0,0
201,136,00000044,1,0,0
202,137,00000048,6,0,2
203,138,0000004c,a,0,0
206,139,00000040,9,0,0
207,140,00000044,1,0,0
208,141,00000048,6,0,1
209,142,0000004c,a,0,0
212,143,00000040,9,0,0
213,144,00000044,1,0,0
214,145,00000048,6,0,0
215,146,0000004c,a,0,0
218,147,00000040,9,0,0
222,148,00000050,9,0,0
226,149,0000005c,1,0,4294967177
227,150,00000060,6,0,4
228,151,00000064,9,0,0
229,152,00000068,a,0,0
232,153,00000020,7,0,20
233,154,00000024,7,0,164
234,155,00000028,7,0,308
235,156,0000002c,6,0,24
236,157,00000030,6,0,168
237,158,00000034,6,0,312
238,159,00000038,1,0,0
239,160,0000003c,1,0,1
240,161,00000040,9,0,0
241,162,00000044,1,0,0
242,163,00000048,6,0,0
243,164,0000004c,a,0,0
246,165,00000040,9,0,0
250,166,00000050,9,0,0
254,167,0000005c,1,0,4294967177
255,168,00000060,6,0,3
256,169,00000064,9,0,0
257,170,00000068,a,0,0
260,171,00000020,7,0,24
261,172,00000024,7,0,168
262,173,00000028,7,0,312
263,174,0000002c,6,0,28
264,175,00000030,6,0,172
265,176,00000034,6,0,316
266,177,00000038,1,0,0
267,178,0000003c,1,0,4
268,179,00000040,9,0,0
269,180,00000044,1,0,0
270,181,00000048,6,0,3
271,182,0000004c,a,0,0
274,183,00000040,9,0,0
275,184,00000044,1,0,0
276,185,00000048,6,0,2
277,186,0000004c,a,0,0
280,187,00000040,9,0,0
281,188,00000044,1,0,0
282,189,00000048,6,0,1
283,190,0000004c,a,0,0
286,191,00000040,9,0,0
287,192,00000044,1,0,0
288,193,00000048,6,0,0
289,194,0000004c,a,0,0
292,195,00000040,9,0,0
296,196,00000050,9,0,0
297,197,00000054,2,0,4294967177
298,198,00000058,a,0,0
301,199,00000060,6,0,2
302,200,00000064,9,0,0
303,201,00000068,a,0,0
306,202,00000020,7,0,28
307,203,00000024,7,0,172
308,204,00000028,7,0,316
309,205,0000002c,6,0,32
310,206,00000030,6,0,176
311,207,00000034,6,0,320
312,208,00000038,1,0,0
313,209,0000003c,1,0,0
314,210,00000040,9,0,0
318,211,00000050,9,0,0
322,212,0000005c,1,0,4294967177
323,213,00000060,6,0,1
324,214,00000064,9,0,0
325,215,00000068,a,0,0
328,216,00000020,7,0,32
329,217,00000024,7,0,176
330,218,00000028,7,0,320
331,219,0000002c,6,0,36
332,220,00000030,6,0,180
333,221,00000034,6,0,324
334,222,00000038,1,0,0
335,223,0000003c,1,0,3
336,224,00000040,9,0,0
337,225,00000044,1,0,1
338,226,00000048,6,0,2
339,227,0000004c,a,0,0
342,228,00000040,9,0,0
343,229,00000044,1,0,2
344,230,00000048,6,0,1
345,231,0000004c,a,0,0
348,232,00000040,9,0,0
349,233,00000044,1,0,3
350,234,00000048,6,0,0
351,235,0000004c,a,0,0
354,236,00000040,9,0,0
358,237,00000050,9,0,0
362,238,0000005c,1,0,4294967180
363,239,00000060,6,0,0
364,240,00000064,9,0,0
368,241,0000006c,8,1,436
369,242,00000070,6,0,440
370,243,00000074,6,0,3
371,244,00000078,9,0,0
372,245,0000007c,a,0,0
375,246,00000018,1,0,4294967177
376,247,0000001c,6,0,9
377,248,00000020,7,0,36
378,249,00000024,7,0,180
379,250,00000028,7,0,324
380,251,0000002c,6,0,40
381,252,00000030,6,0,184
382,253,00000034,6,0,328
383,254,00000038,1,0,0
384,255,0000003c,1,0,0
385,256,00000040,9,0,0
389,257,00000050,9,0,0
393,258,0000005c,1,0,4294967177
394,259,00000060,6,0,8
395,260,00000064,9,0,0
396,261,00000068,a,0,0
399,262,00000020,7,0,40
400,263,00000024,7,0,184
401,264,00000028,7,0,328
402,265,0000002c,6,0,44
403,266,00000030,6,0,188
404,267,00000034,6,0,332
405,268,00000038,1,0,0
406,269,0000003c,1,0,5
407,270,00000040,9,0,0
408,271,00000044,1,0,0
409,272,00000048,6,0,4
410,273,0000004c,a,0,0
413,274,00000040,9,0,0
414,275,00000044,1,0,0
415,276,00000048,6,0,3
416,277,0000004c,a,0,0
419,278,00000040,9,0,0
420,279,00000044,1,0,0
421,280,00000048,6,0,2
422,281,0000004c,a,0,0
425,282,00000040,9,0,0
426,283,00000044,1,0,0
427,284,00000048,6,0,1
428,285,0000004c,a,0,0
431,286,00000040,9,0,0
432,287,00000044,1,0,0
433,288,00000048,6,0,0
434,289,0000004c,a,0,0
437,290,00000040,9,0,0
441,291,00000050,9,0,0
442,292,00000054,2,0,4294967177
443,293,00000058,a,0,0
446,294,00000060,6,0,7
447,295,00000064,9,0,0
448,296,00000068,a,0,0
451,297,00000020,7,0,44
452,298,00000024,7,0,188
453,299,00000028,7,0,332
454,300,0000002c,6,0,48
455,301,00000030,6,0,192
456,302,00000034,6,0,336
457,303,00000038,1,0,0
458,304,0000003c,1,0,9
459,305,00000040,9,0,0
460,306,00000044,1,0,0
461,307,00000048,6,0,8
462,308,0000004c,a,0,0
465,309,00000040,9,0,0
466,310,00000044,1,0,0
467,311,00000048,6,0,7
468,312,0000004c,a,0,0
471,313,00000040,9,0,0
472,314,00000044,1,0,0
473,315,00000048,6,0,6
474,316,0000004c,a,0,0
477,317,00000040,9,0,0
478,318,00000044,1,0,0
479,319,00000048,6,0,5
480,320,0000004c,a,0,0
483,321,00000040,9,0,0
484,322,00000044,1,0,0
485,323,00000048,6,0,4
486,324,0000004c,a,0,0
489,325,00000040,9,0,0
490,326,00000044,1,0,0
491,327,00000048,6,0,3
492,328,0000004c,a,0,0
495,329,00000040,9,0,0
496,330,00000044,1,0,0
497,331,00000048,6,0,2
498,332,0000004c,a,0,0
501,333,00000040,9,0,0
502,334,00000044,1,0,0
503,335,00000048,6,0,1
504,336,0000004c,a,0,0
507,337,00000040,9,0,0
508,338,00000044,1,0,0
509,339,00000048,6,0,0
510,340,0000004c,a,0,0
513,341,00000040,9,0,0
517,342,00000050,9,0,0
518,343,00000054,2,0,4294967177
519,344,00000058,a,0,0
522,345,00000060,6,0,6
523,346,00000064,9,0,0
524,347,00000068,a,0,0
527,348,00000020,7,0,48
528,349,00000024,7,0,192
529,350,00000028,7,0,336
530,351,0000002c,6,0,52
531,352,00000030,6,0,196
532,353,00000034,6,0,340
533,354,00000038,1,0,0
534,355,0000003c,1,0,1
535,356,00000040,9,0,0
536,357,00000044,1,0,0
537,358,00000048,6,0,0
538,359,0000004c,a,0,0
541,360,00000040,9,0,0
545,361,00000050,9,0,0
549,362,0000005c,1,0,4294967177
550,363,00000060,6,0,5
551,364,00000064,9,0,0
552,365,00000068,a,0,0
555,366,00000020,7,0,52
556,367,00000024,7,0,196
557,368,00000028,7,0,340
558,369,0000002c,6,0,56
559,370,00000030,6,0,200
560,371,00000034,6,0,344
561,372,00000038,1,0,0
562,373,0000003c,1,0,3
563,374,00000040,9,0,0
564,375,00000044,1,0,0
565,376,00000048,6,0,2
566,377,0000004c,a,0,0
569,378,00000040,9,0,0
570,379,00000044,1,0,0
571,380,00000048,6,0,1
572,381,0000004c,a,0,0
575,382,00000040,9,0,0
576,383,00000044,1,0,0
577,384,00000048,6,0,0
578,385,0000004c,a,0,0
581,386,00000040,9,0,0
585,387,00000050,9,0,0
589,388,0000005c,1,0,4294967177
590,389,00000060,6,0,4
591,390,00000064,9,0,0
592,391,00000068,a,0,0
595,392,00000020,7,0,56
596,393,00000024,7,0,200
597,394,00000028,7,0,344
598,395,0000002c,6,0,60
599,396,00000030,6,0,204
600,397,00000034,6,0,348
601,398,00000038,1,0,0
602,399,0000003c,1,0,1
603,400,00000040,9,0,0
604,401,00000044,1,0,2
605,402,00000048,6,0,0
606,403,0000004c,a,0,0
609,404,00000040,9,0,0
613,405,00000050,9,0,0
617,406,0000005c,1,0,4294967179
618,407,00000060,6,0,3
619,408,00000064,9,0,0
620,409,00000068,a,0,0
623,410,00000020,7,0,60
624,411,00000024,7,0,204
625,412,00000028,7,0,348
626,413,0000002c,6,0,64
627,414,00000030,6,0,208
628,415,00000034,6,0,352
629,416,00000038,1,0,0
630,417,0000003c,1,0,4
631,418,00000040,9,0,0
632,419,00000044,1,0,0
633,420,00000048,6,0,3
634,421,0000004c,a,0,0
637,422,00000040,9,0,0
638,423,00000044,1,0,0
639,424,00000048,6,0,2
640,425,0000004c,a,0,0
643,426,00000040,9,0,0
644,427,00000044,1,0,0
645,428,00000048,6,0,1
646,429,0000004c,a,0,0
649,430,00000040,9,0,0
650,431,00000044,1,0,0
651,432,00000048,6,0,0
652,433,0000004c,a,0,0
655,434,00000040,9,0,0
659,435,00000050,9,0,0
660,436,00000054,2,0,4294967179
661,437,00000058,a,0,0
664,438,00000060,6,0,2
665,439,00000064,9,0,0
666,440,00000068,a,0,0
669,441,00000020,7,0,64
670,442,00000024,7,0,208
671,443,00000028,7,0,352
672,444,0000002c,6,0,68
673,445,00000030,6,0,212
674,446,00000034,6,0,356
675,447,00000038,1,0,0
676,448,0000003c,1,0,0
677,449,00000040,9,0,0
681,450,00000050,9,0,0
685,451,0000005c,1,0,4294967179
686,452,00000060,6,0,1
687,453,00000064,9,0,0
688,454,00000068,a,0,0
691,455,00000020,7,0,68
692,456,00000024,7,0,212
693,457,00000028,7,0,356
694,458,0000002c,6,0,72
695,459,00000030,6,0,216
696,460,00000034,6,0,360
697,461,00000038,1,0,0
698,462,0000003c,1,0,3
699,463,00000040,9,0,0
700,464,00000044,1,0,44
701,465,00000048,6,0,2
702,466,0000004c,a,0,0
705,467,00000040,9,0,0
706,468,00000044,1,0,88
707,469,00000048,6,0,1
708,470,0000004c,a,0,0
711,471,00000040,9,0,0
712,472,00000044,1,0,132
713,473,00000048,6,0,0
714,474,0000004c,a,0,0
717,475,00000040,9,0,0
721,476,00000050,9,0,0
725,477,0000005c,1,0,15
726,478,00000060,6,0,0
727,479,00000064,9,0,0
731,480,0000006c,8,1,440
732,481,00000070,6,0,444
733,482,00000074,6,0,2
734,483,00000078,9,0,0
735,484,0000007c,a,0,0
738,485,00000018,1,0,4294967177
739,486,0000001c,6,0,9
740,487,00000020,7,0,72
741,488,00000024,7,0,216
742,489,00000028,7,0,360
743,490,0000002c,6,0,76
744,491,00000030,6,0,220
745,492,00000034,6,0,364
746,493,00000038,1,0,0
747,494,0000003c,1,0,0
748,495,00000040,9,0,0
752,496,00000050,9,0,0
756,497,0000005c,1,0,4294967177
757,498,00000060,6,0,8
758,499,00000064,9,0,0
759,500,00000068,a,0,0
762,501,00000020,7,0,76
763,502,00000024,7,0,220
764,503,00000028,7,0,364
765,504,0000002c,6,0,80
766,505,00000030,6,0,224
767,506,00000034,6,0,368
768,507,00000038,1,0,0
769,508,0000003c,1,0,5
770,509,00000040,9,0,0
771,510,00000044,1,0,0
772,511,00000048,6,0,4
773,512,0000004c,a,0,0
776,513,00000040,9,0,0
777,514,00000044,1,0,0
778,515,00000048,6,0,3
779,516,0000004c,a,0,0
782,517,00000040,9,0,0
783,518,00000044,1,0,0
784,519,00000048,6,0,2
785,520,0000004c,a,0,0
788,521,00000040,9,0,0
789,522,00000044,1,0,0
790,523,00000048,6,0,1
791,524,0000004c,a,0,0
794,525,00000040,9,0,0
795,526,00000044,1,0,0
796,527,00000048,6,0,0
797,528,0000004c,a,0,0
800,529,00000040,9,0,0
804,530,00000050,9,0,0
805,531,00000054,2,0,4294967177
806,532,00000058,a,0,0
809,533,00000060,6,0,7
810,534,00000064,9,0,0
811,535,00000068,a,0,0
814,536,00000020,7,0,80
815,537,00000024,7,0,224
816,538,00000028,7,0,368
817,539,0000002c,6,0,84
818,540,00000030,6,0,228
819,541,00000034,6,0,372
820,542,00000038,1,0,0
821,543,0000003c,1,0,9
822,544,00000040,9,0,0
823,545,00000044,1,0,0
824,546,00000048,6,0,8
825,547,0000004c,a,0,0
828,548,00000040,9,0,0
829,549,00000044,1,0,0
830,550,00000048,6,0,7
831,551,0000004c,a,0,0
834,552,00000040,9,0,0
835,553,00000044,1,0,0
836,554,00000048,6,0,6
837,555,0000004c,a,0,0
840,556,00000040,9,0,0
841,557,00000044,1,0,0
842,558,00000048,6,0,5
843,559,0000004c,a,0,0
846,560,00000040,9,0,0
847,561,00000044,1,0,0
848,562,00000048,6,0,4
849,563,0000004c,a,0,0
852,564,00000040,9,0,0
853,565,00000044,1,0,0
854,566,00000048,6,0,3
855,567,0000004c,a,0,0
858,568,00000040,9,0,0
859,569,00000044,1,0,0
860,570,00000048,6,0,2
861,571,0000004c,a,0,0
864,572,00000040,9,0,0
865,573,00000044,1,0,0
866,574,00000048,6,0,1
867,575,0000004c,a,0,0
870,576,00000040,9,0,0
871,577,00000044,1,0,0
872,578,00000048,6,0,0
873,579,0000004c,a,0,0
876,580,00000040,9,0,0
880,581,00000050,9,0,0
881,582,00000054,2,0,4294967177
882,583,00000058,a,0,0
885,584,00000060,6,0,6
886,585,00000064,9,0,0
887,586,00000068,a,0,0
890,587,00000020,7,0,84
891,588,00000024,7,0,228
892,589,00000028,7,0,372
893,590,0000002c,6,0,88
894,591,00000030,6,0,232
895,592,00000034,6,0,376
896,593,00000038,1,0,0
897,594,0000003c,1,0,1
898,595,00000040,9,0,0
899,596,00000044,1,0,0
900,597,00000048,6,0,0
901,598,0000004c,a,0,0
904,599,00000040,9,0,0
908,600,00000050,9,0,0
912,601,0000005c,1,0,4294967177
913,602,00000060,6,0,5
914,603,00000064,9,0,0
915,604,00000068,a,0,0
918,605,00000020,7,0,88
919,606,00000024,7,0,232
920,607,00000028,7,0,376
921,608,0000002c,6,0,92
922,609,00000030,6,0,236
923,610,00000034,6,0,380
924,611,00000038,1,0,0
925,612,0000003c,1,0,3
926,613,00000040,9,0,0
927,614,00000044,1,0,0
928,615,00000048,6,0,2
929,616,0000004c,a,0,0
932,617,00000040,9,0,0
933,618,00000044,1,0,0
934,619,00000048,6,0,1
935,620,0000004c,a,0,0
938,621,00000040,9,0,0
939,622,00000044,1,0,0
940,623,00000048,6,0,0
941,624,0000004c,a,0,0
944,625,00000040,9,0,0
948,626,00000050,9,0,0
952,627,0000005c,1,0,4294967177
953,628,00000060,6,0,4
954,629,00000064,9,0,0
955,630,00000068,a,0,0
958,631,00000020,7,0,92
959,632,00000024,7,0,236
960,633,00000028,7,0,380
961,634,0000002c,6,0,96
962,635,00000030,6,0,240
963,636,00000034,6,0,384
964,637,00000038,1,0,0
965,638,0000003c,1,0,1
966,639,00000040,9,0,0
967,640,00000044,1,0,1
968,641,00000048,6,0,0
969,642,0000004c,a,0,0
972,643,00000040,9,0,0
976,644,00000050,9,0,0
980,645,0000005c,1,0,4294967178
981,646,00000060,6,0,3
982,647,00000064,9,0,0
983,648,00000068,a,0,0
986,649,00000020,7,0,96
987,650,00000024,7,0,240
988,651,00000028,7,0,384
989,652,0000002c,6,0,100
990,653,00000030,6,0,244
991,654,00000034,6,0,388
992,655,00000038,1,0,0
993,656,0000003c,1,0,4
994,657,00000040,9,0,0
995,658,00000044,1,0,0
996,659,00000048,6,0,3
997,660,0000004c,a,0,0
1000,661,00000040,9,0,0
1001,662,00000044,1,0,0
1002,663,00000048,6,0,2
1003,664,0000004c,a,0,0
1006,665,00000040,9,0,0
1007,666,00000044,1,0,0
1008,667,00000048,6,0,1
1009,668,0000004c,a,0,0
1012,669,00000040,9,0,0
1013,670,00000044,1,0,0
1014,671,00000048,6,0,0
1015,672,0000004c,a,0,0
1018,673,00000040,9,0,0
1022,674,00000050,9,0,0
1023,675,00000054,2,0,4294967178
1024,676,00000058,a,0,0
1027,677,00000060,6,0,2
1028,678,00000064,9,0,0
1029,679,00000068,a,0,0
1032,680,00000020,7,0,100
1033,681,00000024,7,0,244
1034,682,00000028,7,0,388
1035,683,0000002c,6,0,104
1036,684,00000030,6,0,248
1037,685,00000034,6,0,392
1038,686,00000038,1,0,0
1039,687,0000003c,1,0,0
1040,688,00000040,9,0,0
1044,689,00000050,9,0,0
1048,690,0000005c,1,0,4294967178
1049,691,00000060,6,0,1
1050,692,00000064,9,0,0
1051,693,00000068,a,0,0
1054,694,00000020,7,0,104
1055,695,00000024,7,0,248
1056,696,00000028,7,0,392
1057,697,0000002c,6,0,108
1058,698,00000030,6,0,252
1059,699,00000034,6,0,396
1060,700,00000038,1,0,0
1061,701,0000003c,1,0,3
1062,702,00000040,9,0,0
1063,703,00000044,1,0,7
1064,704,00000048,6,0,2
1065,705,0000004c,a,0,0
1068,706,00000040,9,0,0
1069,707,00000044,1,0,14
1070,708,00000048,6,0,1
1071,709,0000004c,a,0,0
1074,710,00000040,9,0,0
1075,711,00000044,1,0,21
1076,712,00000048,6,0,0
1077,713,0000004c,a,0,0
1080,714,00000040,9,0,0
1084,715,00000050,9,0,0
1088,716,0000005c,1,0,4294967199
1089,717,00000060,6,0,0
1090,718,00000064,9,0,0
1094,719,0000006c,8,1,444
1095,720,00000070,6,0,448
1096,721,00000074,6,0,1
1097,722,00000078,9,0,0
1098,723,0000007c,a,0,0
1101,724,00000018,1,0,4294967177
1102,725,0000001c,6,0,9
1103,726,00000020,7,0,108
1104,727,00000024,7,0,252
1105,728,00000028,7,0,396
1106,729,0000002c,6,0,112
1107,730,00000030,6,0,256
1108,731,00000034,6,0,400
1109,732,00000038,1,0,0
1110,733,0000003c,1,0,0
1111,734,00000040,9,0,0
1115,735,00000050,9,0,0
1119,736,0000005c,1,0,4294967177
1120,737,00000060,6,0,8
1121,738,00000064,9,0,0
1122,739,00000068,a,0,0
1125,740,00000020,7,0,112
1126,741,00000024,7,0,256
1127,742,00000028,7,0,400
1128,743,0000002c,6,0,116
1129,744,00000030,6,0,260
1130,745,00000034,6,0,404
1131,746,00000038,1,0,0
1132,747,0000003c,1,0,5
1133,748,00000040,9,0,0
1134,749,00000044,1,0,0
1135,750,00000048,6,0,4
1136,751,0000004c,a,0,0
1139,752,00000040,9,0,0
1140,753,00000044,1,0,0
1141,754,00000048,6,0,3
1142,755,0000004c,a,0,0
1145,756,00000040,9,0,0
1146,757,00000044,1,0,0
1147,758,00000048,6,0,2
1148,759,0000004c,a,0,0
1151,760,00000040,9,0,0
1152,761,00000044,1,0,0
1153,762,00000048,6,0,1
1154,763,0000004c,a,0,0
1157,764,00000040,9,0,0
1158,765,00000044,1,0,0
1159,766,00000048,6,0,0
1160,767,0000004c,a,0,0
1163,768,00000040,9,0,0
1167,769,00000050,9,0,0
1168,770,00000054,2,0,4294967177
1169,771,00000058,a,0,0
1172,772,00000060,6,0,7
1173,773,00000064,9,0,0
1174,774,00000068,a,0,0
1177,775,00000020,7,0,116
1178,776,00000024,7,0,260
1179,777,00000028,7,0,404
1180,778,0000002c,6,0,120
1181,779,00000030,6,0,264
1182,780,00000034,6,0,408
1183,781,00000038,1,0,0
1184,782,0000003c,1,0,9
1185,783,00000040,9,0,0
1186,784,00000044,1,0,2
1187,785,00000048,6,0,8
1188,786,0000004c,a,0,0
1191,787,00000040,9,0,0
1192,788,00000044,1,0,4
1193,789,00000048,6,0,7
1194,790,0000004c,a,0,0
1197,791,00000040,9,0,0
1198,792,00000044,1,0,6
1199,793,00000048,6,0,6
1200,794,0000004c,a,0,0
1203,795,00000040,9,0,0
1204,796,00000044,1,0,8
1205,797,00000048,6,0,5
1206,798,0000004c,a,0,0
1209,799,00000040,9,0,0
1210,800,00000044,1,0,10
1211,801,00000048,6,0,4
1212,802,0000004c,a,0,0
1215,803,00000040,9,0,0
1216,804,00000044,1,0,12
1217,805,00000048,6,0,3
1218,806,0000004c,a,0,0
1221,807,00000040,9,0,0
1222,808,00000044,1,0,14
1223,809,00000048,6,0,2
1224,810,0000004c,a,0,0
1227,811,00000040,9,0,0
1228,812,00000044,1,0,16
1229,813,00000048,6,0,1
1230,814,0000004c,a,0,0
1233,815,00000040,9,0,0
1234,816,00000044,1,0,18
1235,817,00000048,6,0,0
1236,818,0000004c,a,0,0
1239,819,00000040,9,0,0
1243,820,00000050,9,0,0
1244,821,00000054,2,0,4294967159
1245,822,00000058,a,0,0
1248,823,00000060,6,0,6
1249,824,00000064,9,0,0
1250,825,00000068,a,0,0
1253,826,00000020,7,0,120
1254,827,00000024,7,0,264
1255,828,00000028,7,0,408
1256,829,0000002c,6,0,124
1257,830,00000030,6,0,268
1258,831,00000034,6,0,412
1259,832,00000038,1,0,0
1260,833,0000003c,1,0,1
1261,834,00000040,9,0,0
1262,835,00000044,1,0,0
1263,836,00000048,6,0,0
1264,837,0000004c,a,0,0
1267,838,00000040,9,0,0
1271,839,00000050,9,0,0
1275,840,0000005c,1,0,4294967159
1276,841,00000060,6,0,5
1277,842,00000064,9,0,0
1278,843,00000068,a,0,0
1281,844,00000020,7,0,124
1282,845,00000024,7,0,268
1283,846,00000028,7,0,412
1284,847,0000002c,6,0,128
1285,848,00000030,6,0,272
1286,849,00000034,6,0,416
1287,850,00000038,1,0,0
1288,851,0000003c,1,0,3
1289,852,00000040,9,0,0
1290,853,00000044,1,0,1
1291,854,00000048,6,0,2
1292,855,0000004c,a,0,0
1295,856,00000040,9,0,0
1296,857,00000044,1,0,2
1297,858,00000048,6,0,1
1298,859,0000004c,a,0,0
1301,860,00000040,9,0,0
1302,861,00000044,1,0,3
1303,862,00000048,6,0,0
1304,863,0000004c,a,0,0
1307,864,00000040,9,0,0
1311,865,00000050,9,0,0
1315,866,0000005c,1,0,4294967162
1316,867,00000060,6,0,4
1317,868,00000064,9,0,0
1318,869,00000068,a,0,0
1321,870,00000020,7,0,128
1322,871,00000024,7,0,272
1323,872,00000028,7,0,416
1324,873,0000002c,6,0,132
1325,874,00000030,6,0,276
1326,875,00000034,6,0,420
1327,876,00000038,1,0,0
1328,877,0000003c,1,0,1
1329,878,00000040,9,0,0
1330,879,00000044,1,0,44
1331,880,00000048,6,0,0
1332,881,0000004c,a,0,0
1335,882,00000040,9,0,0
1339,883,00000050,9,0,0
1343,884,0000005c,1,0,4294967206
1344,885,00000060,6,0,3
1345,886,00000064,9,0,0
1346,887,00000068,a,0,0
1349,888,00000020,7,0,132
1350,889,00000024,7,0,276
1351,890,00000028,7,0,420
1352,891,0000002c,6,0,136
1353,892,00000030,6,0,280
1354,893,00000034,6,0,424
1355,894,00000038,1,0,0
1356,895,0000003c,1,0,4
1357,896,00000040,9,0,0
1358,897,00000044,1,0,0
1359,898,00000048,6,0,3
1360,899,0000004c,a,0,0
1363,900,00000040,9,0,0
1364,901,00000044,1,0,0
1365,902,00000048,6,0,2
1366,903,0000004c,a,0,0
1369,904,00000040,9,0,0
1370,905,00000044,1,0,0
1371,906,00000048,6,0,1
1372,907,0000004c,a,0,0
1375,908,00000040,9,0,0
1376,909,00000044,1,0,0
1377,910,00000048,6,0,0
1378,911,0000004c,a,0,0
1381,912,00000040,9,0,0
1385,913,00000050,9,0,0
1386,914,00000054,2,0,4294967206
1387,915,00000058,a,0,0
1390,916,00000060,6,0,2
1391,917,00000064,9,0,0
1392,918,00000068,a,0,0
1395,919,00000020,7,0,136
1396,920,00000024,7,0,280
1397,921,00000028,7,0,424
1398,922,0000002c,6,0,140
1399,923,00000030,6,0,284
1400,924,00000034,6,0,428
1401,925,00000038,1,0,0
1402,926,0000003c,1,0,0
1403,927,00000040,9,0,0
1407,928,00000050,9,0,0
1411,929,0000005c,1,0,4294967206
1412,930,00000060,6,0,1
1413,931,00000064,9,0,0
1414,932,00000068,a,0,0
1417,933,00000020,7,0,140
1418,934,00000024,7,0,284
1419,935,00000028,7,0,428
1420,936,0000002c,6,0,144
1421,937,00000030,6,0,288
1422,938,00000034,6,0,432
1423,939,00000038,1,0,0
1424,940,0000003c,1,0,3
1425,941,00000040,9,0,0
1426,942,00000044,1,0,60
1427,943,00000048,6,0,2
1428,944,0000004c,a,0,0
1431,945,00000040,9,0,0
1432,946,00000044,1,0,120
1433,947,00000048,6,0,1
1434,948,0000004c,a,0,0
1437,949,00000040,9,0,0
1438,950,00000044,1,0,180
1439,951,00000048,6,0,0
1440,952,0000004c,a,0,0
1443,953,00000040,9,0,0
1447,954,00000050,9,0,0
1451,955,0000005c,1,0,90
1452,956,00000060,6,0,0
1453,957,00000064,9,0,0
1457,958,0000006c,8,1,448
1458,959,00000070,6,0,452
1459,960,00000074,6,0,0
1460,961,00000078,9,0,0
1464,962,00000080,8,1,452
